layout_spectrum: 0.6862282
color:
  saturation: 0.311973
  brandStrength: 0.526677
  lightness: 0.6846543
  rhythmicContrast: 0.7521079
typography_spectrum: 0.2394604
name: CalabasasHome
