layout_spectrum: 0.4586847
typography_spectrum: 0.2394604
color:
  saturation: 0.311973
  brandStrength: 0.526677
  lightness: 0.6846543
  rhythmicContrast: 0.7521079
name: CalabasasHome
